branch_id 82 
   LEVELS COUNT
1       0  2514
2       1  6071
3       2  3849
4       3   840
5       4  2716
6       5  1140
7       6  3637
8       7  1288
9       8  3916
10      9  6993
11     10  6718
12     11  8796
13     12  2876
14     13  3163
15     14  3129
16     15   915
17     16  2172
18     17  3377
19     18   974
20     19  4533
21     20  2343
22     21  1185
23     22  1532
24     23   795
25     24  4043
26     25   692
27     26  7255
28     27  1866
29     28  4916
30     29  4479
31     30  1001
32     31  3007
33     32   530
34     33  2543
35     34  1117
36     35  1404
37     36  2097
38     37  3241
39     38  1425
40     39  2685
41     40  2633
42     41   522
43     42 10211
44     43  1971
45     44  1152
46     45  1537
47     46  1774
48     47  3798
49     48  3456
50     49  6055
51     50  2279
52     51  3484
53     52  1364
54     53  1264
55     54  1217
56     55  2489
57     56   377
58     57   138
59     58   665
60     59  1683
61     60  3213
62     61  1292
63     62   629
64     63  2083
65     64   669
66     65   540
67     66  1242
68     67   787
69     68   528
70     69   113
71     70   134
72     71   284
73     72   265
74     73   239
75     74   284
76     75   296
77     76   260
78     77   447
79     78    47
80     79   305
81     80   432
82     81    69
supplier_id 2921 
manufacturer_id 11 
   LEVELS COUNT
1       0  7898
2       1 43531
3       2 85006
4       3  7468
5       4 12679
6       5 20978
7       6  1815
8       7   610
9       8    10
10      9     4
11     10     1
area_id 22 
   LEVELS COUNT
1       0 26562
2       1 25944
3       2 34709
4       3  2103
5       4  7880
6       5  7001
7       6 13567
8       7 12247
9       8  3129
10      9  3063
11     10  5226
12     11  4165
13     12   795
14     13  7119
15     14  5228
16     15  2829
17     16 10948
18     17  3946
19     18  3213
20     19   113
21     20   153
22     21    60
employee_code_id 3252 
mobileno_flag 1 
  LEVELS  COUNT
1      1 180000
idcard_flag 1 
  LEVELS  COUNT
1      1 180000
Driving_flag 2 
  LEVELS  COUNT
1      0 175811
2      1   4189
passport_flag 2 
  LEVELS  COUNT
1      0 179616
2      1    384
employment_type 3 
  LEVELS COUNT
1      0 98149
2      1 75948
3      2  5903
Credit_level 14 
   LEVELS COUNT
1      -1 99882
2       1  6635
3       2   863
4       3  6369
5       4  2861
6       5  4221
7       6  5256
8       7  3129
9       8  6582
10      9  4547
11     10  8863
12     11 12544
13     12  7223
14     13 11025
