customer_id 180000 
branch_id 82 
   LEVELS COUNT
1       0  2514
2       1  6071
3       2  3849
4       3   840
5       4  2716
6       5  1140
7       6  3637
8       7  1288
9       8  3916
10      9  6993
11     10  6718
12     11  8796
13     12  2876
14     13  3163
15     14  3129
16     15   915
17     16  2172
18     17  3377
19     18   974
20     19  4533
21     20  2343
22     21  1185
23     22  1532
24     23   795
25     24  4043
26     25   692
27     26  7255
28     27  1866
29     28  4916
30     29  4479
31     30  1001
32     31  3007
33     32   530
34     33  2543
35     34  1117
36     35  1404
37     36  2097
38     37  3241
39     38  1425
40     39  2685
41     40  2633
42     41   522
43     42 10211
44     43  1971
45     44  1152
46     45  1537
47     46  1774
48     47  3798
49     48  3456
50     49  6055
51     50  2279
52     51  3484
53     52  1364
54     53  1264
55     54  1217
56     55  2489
57     56   377
58     57   138
59     58   665
60     59  1683
61     60  3213
62     61  1292
63     62   629
64     63  2083
65     64   669
66     65   540
67     66  1242
68     67   787
69     68   528
70     69   113
71     70   134
72     71   284
73     72   265
74     73   239
75     74   284
76     75   296
77     76   260
78     77   447
79     78    47
80     79   305
81     80   432
82     81    69
supplier_id 2921 
manufacturer_id 11 
   LEVELS COUNT
1       0  7898
2       1 43531
3       2 85006
4       3  7468
5       4 12679
6       5 20978
7       6  1815
8       7   610
9       8    10
10      9     4
11     10     1
area_id 22 
   LEVELS COUNT
1       0 26562
2       1 25944
3       2 34709
4       3  2103
5       4  7880
6       5  7001
7       6 13567
8       7 12247
9       8  3129
10      9  3063
11     10  5226
12     11  4165
13     12   795
14     13  7119
15     14  5228
16     15  2829
17     16 10948
18     17  3946
19     18  3213
20     19   113
21     20   153
22     21    60
employee_code_id 3252 
mobileno_flag 1 
  LEVELS  COUNT
1      1 180000
idcard_flag 1 
  LEVELS  COUNT
1      1 180000
Driving_flag 2 
  LEVELS  COUNT
1      0 175811
2      1   4189
passport_flag 2 
  LEVELS  COUNT
1      0 179616
2      1    384
employment_type 3 
  LEVELS COUNT
1      0 98149
2      1 75948
3      2  5903
credit_history 100 
    LEVELS COUNT
1        0 91642
2        1  5298
3        2  1537
4        3  1554
5        4  1640
6        5  1598
7        6  3707
8        7  3162
9        8  1927
10       9  1840
11      12  2920
12      13  6397
13      14  1981
14      15  2065
15      16  1714
16      17  1732
17      18  1921
18      19  1934
19      20  1569
20      21  1627
21      24  2969
22      25  5764
23      26  1373
24      27  1079
25      28  1058
26      29  1080
27      30  1149
28      31  1080
29      32   951
30      33   983
31      36  1321
32      37  2495
33      38   955
34      39   743
35      40   707
36      41   654
37      42   664
38      43   561
39      44   610
40      45   575
41      48   732
42      49  1483
43      50   512
44      51   514
45      52   443
46      53   413
47      54   418
48      55   427
49      56   420
50      57   404
51      60   511
52      61   963
53      62   357
54      63   329
55      64   314
56      65   286
57      66   327
58      67   281
59      68   259
60      69   284
61      72   251
62      73   482
63      74   213
64      75   181
65      76   164
66      77   191
67      78   206
68      79   179
69      80   212
70      81   187
71      84   175
72      85   386
73      86   136
74      87   141
75      88   119
76      89   107
77      90   117
78      91   133
79      92   113
80      93   127
81      96   123
82      97   255
83      98   102
84      99    86
85     100    93
86     101    91
87     102    89
88     103    97
89     104    85
90     105    89
91     108    83
92     109   224
93     110    66
94     111    73
95     112    70
96     113    58
97     114    68
98     115    79
99     116    69
100    117    67
Credit_level 14 
   LEVELS COUNT
1      -1 99882
2       1  6635
3       2   863
4       3  6369
5       4  2861
6       5  4221
7       6  5256
8       7  3129
9       8  6582
10      9  4547
11     10  8863
12     11 12544
13     12  7223
14     13 11025
